JOBNAME: Prueba_2_puntos_0
EMAIL: vodcon@gmail.com
XMIN: -19.1414805195
XMAX: 18.8585194805
YMIN: -24.8883165584
YMAX: 13.1116834416
ZMIN: -8.9725194805
ZMAX: 29.0274805195
PASSIVEFLEXIBILITYDISTANCE: 5.0
WANTEDCONFS: 5000
NBFACTSEVAL: 250
NBSEEDS: 250
SDSTEPS: 100
ABNRSTEPS: 250
CLUSTERINGRADIUS: 2.0
MAXCLUSTERSIZE: 8
