JOBNAME: Prueba_2_puntos_1
EMAIL: vodcon@gmail.com
XMIN: -5.70696560847
XMAX: 8.29303439153
YMIN: -4.95878306878
YMAX: 9.04121693122
ZMIN: 13.9163862434
ZMAX: 27.9163862434
PASSIVEFLEXIBILITYDISTANCE: 5.0
WANTEDCONFS: 5000
NBFACTSEVAL: 250
NBSEEDS: 250
SDSTEPS: 100
ABNRSTEPS: 250
CLUSTERINGRADIUS: 2.0
MAXCLUSTERSIZE: 8
